129
130
131
132
133
134
135
136
137
138
139
140
141
142
143
144
145
146
147
148
149
150
151
152
153
154
155
156
157
158
159
160
161
162
163
164
165
166
167
168
169
170
171
150
167
142
138
137
148
152
170
167
132
167
164
167
148
136
136
168
150
154
153
142
154
144
150
131
150
131
134
153
133
138
161
160
169
139
133
158
152
133
143
135
147
156
135
144
163
137
167
161
139
145
157
159
159
160
157
155
136
135
146
151
145
169
163
134
163
153
161
151
132
158
132
139
163
156
159
139
156
130
167
148
135
167
167
149
