129
130
131
132
133
134
135
136
137
138
139
140
141
142
143
144
145
146
147
148
149
150
151
152
153
154
155
156
157
158
159
160
161
162
163
164
165
166
167
168
169
170
171
145
158
143
162
153
160
131
156
163
152
141
170
145
142
153
160
147
162
144
138
144
141
140
152
160
135
146
139
155
159
147
155
149
145
129
161
165
149
135
143
142
136
161
163
149
150
161
160
150
157
164
135
170
133
152
140
160
156
155
164
133
162
148
143
150
166
170
170
158
133
154
153
154
158
143
135
149
171
143
163
157
162
141
152
157
236
237
238
239
240
241
242
243
244
245
246
247
248
249
250
251
252
253
254
255
256
257
250
245
249
243
249
257
243
252
255
253
240
240
248
257
254
237
241
244
248
242
249
244
244
250
245
257
246
242
256
240
251
245
249
236
253
244
252
251
252
242
252
255
290
291
292
293
294
295
296
297
298
299
300
293
292
292
293
294
293
291
291
298
292
293
296
296
292
292
295
291
296
293
291
295
