65
66
67
68
69
70
71
72
73
74
75
76
77
78
79
80
81
82
83
84
85
86
74
75
82
68
84
65
77
81
84
86
83
65
70
78
70
75
80
81
77
78
82
66
70
73
76
76
67
71
86
70
66
79
66
68
83
72
76
82
67
86
69
72
151
152
153
154
155
156
157
158
159
160
161
162
163
164
165
166
167
168
169
170
171
172
173
174
175
176
177
178
179
180
181
182
183
184
185
186
187
188
189
190
191
192
193
194
195
196
197
198
199
200
201
202
203
204
205
206
207
208
209
210
211
212
213
214
279
279
279
279
279
279
279
279
279
279
279
279
279
279
279
279
279
279
279
279
279
279
279
279
279
279
279
279
279
279
279
279
279
279
279
279
279
279
279
279
279
279
279
279
279
279
279
279
279
279
279
279
279
279
279
279
279
279
279
279
279
279
279
279
